1.756,2.056,1.975,2.068,2.025,1.991,2.145,2.182,2.352,2.481,2.201,1.858,1.775,1.441,1.41,1.355,1.41,1.565
1.565,1.627,1.997,2.321,2.293,2.608,2.833,2.858,2.509,1.796
1.747,1.957,2.392,2.562,2.543,2.346,2.364,2.59,2.781,2.929,2.901,2.713,2.475,2.33,2.145,2.028,1.37,2.052,4.522,5.09,2.818,1.722,2.636,2.506,1.892,1.54
3.46,4.265,4.259,3.812,3.336,3.346,2.975,2.074,1.892,2.096,2.315,2.222,2.614,4.302,4.71,4.552,4.302,4.809,5.117,4.895,4.457,4.41,4.086,2.815,2.176,2.438,2.154,1.941
3.142,5.398,5.71,5.29,4.491,4.056,3.707,3.534,3.145,2.898,2.491,2.534,2.491,2.389,2.34,2.478,2.327,2.583,2.426,2.043
2.302,3.056,3.29,3.127,3.377,3.429,3.642,3.691,3.753,3.145,3.015,3.003,2.886,2.818,2.506,2.602,2.623,2.438,2.256,1.642
2.29,2.738,2.228,1.62,1.25,1.358,1.444,1.54,2.08,2.318,2.302,2.33,2.185,2.389,2.157,2.265,2.429,2.583,2.772,2.454,2.083,2.13,2.157,2.238,2.744,2.713,2.377,1.781
2.114,1.818,2.074,2.142,2.12,2.21,2.302,2.173,2.176,2.25,2.071,2.312,2.133,2.299,2.386,2.883,2.883,2.836,2.488,2.275,2.191,1.586,1.549,1.636,1.614,1.519,1.586,1.586,1.735,1.84,1.556,1.886,1.454,1.42,1.29,1.049,1.259,1.278,1.29,1.37,1.497,1.38,1.503,1.386,1.444,1.281,1.451,1.602,1.549,1.586,1.719,1.704,1.71,1.775,1.722,1.62,1.66,1.79,1.802,1.5,1.627,1.549,1.806,1.611,1.481,1.481,1.753,1.651,1.809,1.861,1.941,2.102,1.978,2.009,2.077,2.031,1.775,1.781,1.997,1.901,2.139,2.114,2.225,2.114,2.201,2.034,2.04,2.29,2.145,2.164,2.16,2.207,2.204,2.034,2.12,2.21,2.238,2.293,1.994,1.91,2.108,2.167,2.09,2.025,1.997,2.16,1.969,2.164,2.012,2.114,2.154,1.92,2.194,2.29,2.056,2.065,2.231,2.25,1.969,2.309,2.207,2.231,2.358,2.287,2.188,2.216,2.306,2.392,2.198,2.059,2.265,2.108,2.164,2.392,2.176,2.367,2.373,2.343,2.426,2.272,2.164,2.367,2.481,2.401,2.395,2.333,2.481,2.377,2.361,2.269,2.225,2.355,2.386,2.383,2.494,2.645,2.586,2.346,2.383,2.38,2.417,2.228,2.194,2.287,2.469,2.37,2.333,2.352,2.253,2.426,2.29,2.343,2.346,2.241,2.472,2.296,2.17,2.278,2.414,2.494,2.256,2.333,2.34,2.54,2.269,2.352,2.491,2.284,2.265,2.42,2.34,2.454,2.213,2.225,2.219,2.451,2.488,2.562,2.235,2.296,2.352,2.176,2.398,2.34,2.265,2.164,2.222,2.201,2.386,2.173,2.213,2.269,2.423,2.318,2.429,2.392,2.481,2.552,2.494,2.247,2.269,2.549,2.657,2.426,2.577,2.611,2.525,2.898,3.398,3.608,3.395,2.867,2.713,2.79,2.654,2.799,2.806,3.259,3.09,2.932,2.87,2.836,2.855,2.756,2.873,2.92,2.54,2.373,2.293,2.312,2.315,2.269,2.265,2.497,2.54,2.836,3.444,3.559,3.494,3.231,2.762,2.907
5.179,5.034,4.312,3.231,2.975,2.762,2.802,2.818,3.599,4.765,4.386,3.552,3.355,3.006,3.049,2.994,3.235,3.481,3.778,3.59,3.361,3.657,4.09,3.867,3,2.812,2.963,2.892,3.071,3.281,3.349,3.466,4.111,4.466,3.994,3.667,3.571,3.315,3.043,3.204,3.299,3.364,3.478,3.537,3.562,3.886,3.775,3.392,3.435,3.602,3.256,3.022,2.753,2.769,2.648,2.728,2.954,2.781,2.509,1.926
1.654,1.91,2.114,2.204,2.173,2.231,2.383,2.454,2.463,2.182,2.265,2.42,2.059,1.775
2.284,2.333,2.318,2.099,1.978,1.481,1.515,1.373,1.682,1.583,1.219,1.281,1.16,1.213,1.052,1.253,1.065,1.318,1.386,1.497,1.614,1.694,1.735,1.836,1.96,2.41,3.031,2.503,2.392,2.54,2.583,2.568,2.552,2.278
4.531,4.062,3.364,2.873,2.657,2.722,2.765,3.284,4.287,4.691,4.031,3.441,3.043,3.074,3.086,3.299,2.966,3.278,3.525,3.861,3.941,3.849,3.938,3.457,3.562,3.682,3.34,3.123,3.176,3.12,3.114,3.019,3.333,3.506,4.293,4.062,3.534,3.127,3.046,3.198,3.083,3.231,3.537,3.469,3.38,3.315,3.204,2.975,3.142,3.383,3.275,3.423,3.735,3.642,3.787,3.679,3.602,3.636,3.664,3.386,3.188,3.392,3.451,3.216,3,3.377,4.049,3.926,3.528,3.383,3.475,3.722,3.91,3.722,3.25,3.148,2.975,3.099,2.929,3.377,3.716,3.867,3.537,3.417,3.284,2.858,2.691,3,3.096,3.241,3.17,3.164,3.173,3.552,3.852,4.194,5.111,4.935,4.676,5.127
4.583,3.941,3.429,2.818,2.778,3.009,4.219,4.287,3.799,3.336,3.12,3.231,2.963,3.167,3.093,3.281,3.815,4.34,4.093,3.506,3.448,3.361,3.423,3.105,3.346,3.287,3.207,3.235,3.231,3.265,3.417,3.907,4.096,3.821,3.33,3.401,3.238,3.41,3.478,3.497,3.349,3.201,3.117,3.179,3.139,3.222,3.414,3.664,3.772,3.605,3.315,3.309,3.583,3.673,3.562,3.769,3.577,3.525,3.312,3.086,3.269,2.988,3.179,3.127,3.188,3.864,3.985,3.725,3.67,3.667,3.503,3.395,3.312,2.923,2.91,2.92,3.571,3.963,3.315,2.886,3.219,3.287,3.67,3.728,3.549,2.923,2.769,3.012,3.309,3.438,3.728,3.741,3.627,3.79,3.846,3.904,4.086,4.525,4.914
6.778,6,5.593,4.225,3.256,2.914,2.883,2.673,3.046,4.148,4.401,3.648,3.222,2.948,2.923,2.938,3.188,3.333,3.389,4.191,3.972,3.886,3.636,3.358,3.114,3.164,3.142,3.386,3.176,3.133,3.318,3.756,4.278,3.994,3.414,3.633,3.457,3.191,3.012,3.111,3.296,3.194,3.244,3.022,3.546,4.352,4.123,3.299,3.102,2.71,2.778,2.63,2.867,2.944,3.21,3.429,3.17,3.247,3.037,3.08,2.565
6.861,5.145,4.16,3.645,3.472,3.08,3.123,3.086,3.031,4.003,3.765,2.963,2.691,3.167,2.96,3.13,3.904,4.414,4.031,3.395,3.256,3.139,2.978,3.133,3.265,3.565,3.633,3.852,4.037,3.679,3.182,3.201,3.068,3.608,3.636,3.815,3.522,3.281,3.219,3.099,3.031,3.293,3.247,3.543,3.886,3.778,3.235,2.843,2.71,2.475,2.568,3.546,4.281,4.025,3.991,4.17,4.336,4.46,4.269
4.725,5.667,4.954,4.719,5.244,7.231,6.006,4.454,4.522,3.978,3.793,3.605,3.083,2.522,1.58,1.552,1.605,1.5
2.346,4.043,4.812,4.809,5.522,6.63,5.58,4.864,4.105,3.784,3.071,2.343,1.358,3.015,5.247,5.253,4.772,3.981,3.472,2.543
3.404,3.775,3.889,4.164,3.818,3.265,3.358,4.562,4.691,4.645,4.448,4.259,3.688,3.549,3.383,3.349,3.219,4.92,5.769,4.778,4.244,4.432,4.262,3.917,3.667,3.642,3.355,3.025,2.87,2.318
1.713,2.389,3.077,2.873,3.194,3.59,3.404,3.417,3.556,3.253,3.367,4.784,4.84,4.123,3.614,3.133,2.901,2.284,1.58,4.42,5.228,4.522,4.037,4.216,3.744,3.454,2.407
3.608,4.87,5.389,5.105,4.861,4.244,3.654,2.948,4.778,5.306,5.38,4.886,3.997,3.383,3.009,2.574,2.29,1.531,1.367,1.327,1.429
2.935,2.454,2.556,2.654,2.58,2.877,3.315,3.364,3.08,3.395,2.951,2.83,2.392,2.426,2.423,2.099,2.207,1.938,2.574,4.015,3.735,3.284,2.87,2.83,2.716,2.451,2.222,2.519,2.306,2.694,2.688,2.731,2.534,3.546,3.429,2.821,2.546,2.296,2.386,2.574,2.559,2.546,2.432,2.284,2.173,1.957
3,3.083,2.654,2.296,1.741,1.503,3.012,3.694,3.12,2.463,2.309,2.287,2.512,2.204,2.096,1.824,2.522,3.565,3.231,3.031,3.272,2.877,2.364,2.355,3.191,3.423,3.188,2.355,1.809,1.852,1.787,2.676,3.401,3.296,3.262,2.719,2.633,2.593,2.485,2.71,3.025,2.87,2.892,2.799,2.738,2.907,3,2.556,2.228,2.417,2.194,1.713,2.571,3.006,3.17,3.352,2.784,2.685,2.66,2.84,2.948,3.012,2.664,2.472,2.731,2.889,3.21,2.87,2.491,2.207
2.549,2.269,2.37,2.565,2.648,2.537,2.265,2.377,3.849,3.639,2.997,3.037,2.957,2.772,2.293,2.435,2.559,2.389,2.673,2.849,2.599,1.858
3.543,2.954,3.046,3.062,2.667,2.364,2.219,1.66,2.022,3.568,3.034,3.052,3.099,2.719,2.744,2.806,2.426,2.728,3.654,3.207,2.426,2.33,2.38,2.645,2.602,2.145,2.056,2.099,2.009
1.843,2.389,2.364,1.904,1.213
2.444,2.957,3.111,2.985,2.506,2.389,2.154,2.127,2.806,3.08,2.861,2.713,2.543,2.336,2.315,2.275,2.256,3.046,3.435,3.194,2.861,2.59,2.571,2.889,2.948,3.167,3.046,2.417,2.247,2.451,2.485,2.275,2.506,2.867,3.059,2.917,2.944,2.883,2.759,2.713,2.75,2.889,2.673,2.741,2.775,2.741,2.738,2.642,2.673,2.799,2.725,2.802,2.978,2.66,2.719,2.719,2.716,3.04,2.904,2.951,2.71,2.599,2.577,2.843,2.846,2.559,2.519,2.534,2.299,2.5,2.901,3.148,2.963,2.833,2.997,2.725,2.765,2.855,2.41,2.79,2.667,2.417,2.552,2.509,2.299,2.935,3.133,3.015,2.849,2.963,2.824,2.886,2.889,3.281,3.429,3.272,2.963,2.414
2.281,5.762,6.269,5.531,5.46,3.972,3.157,2.769,2.414,2.33,2.426,1.83,2.321,2.963,2.679,2.741,2.707,2.812,2.904,2.593,2.392,1.951,1.966,1.497
