0.000117120261437908
0.000226478011111111
0.000642693306153846
0.00117193211111111
0.00130024202894737
0.000294790786842105
0.000174623146825397
0.000184241250036559
0.000367392762429378
6.1011478021978e-05
0.000299068053475936
0.000247745252929293
0.000165457619666048
0.000580271747540984
0.000471998250146113
0.00283486964705882
0.00179722636842105
0.000512642281609195
0.00082950041025641
0.0020547951
0.000211875671497584
0.000228058547412008
0.000199525974025974
0.000256027805418719
0.0002301443
7.73337442667789e-05
0.00175676265036232
